-0.000000000000000000e+00
-1.292408414233832126e-01
-2.584816828467664251e-01
-3.877225242701495822e-01
-5.169633656935328503e-01
-6.462042071169160629e-01
-7.754450485402991644e-01
-9.046858899636823770e-01
-1.033926731387065701e+00
-1.163167572810448913e+00
-1.292408414233832126e+00
-1.421649255657215338e+00
-1.550890097080598329e+00
-1.680130938503981763e+00
-1.809371779927364754e+00
-1.938612621350748189e+00
-2.067853462774131401e+00
-2.197094304197514170e+00
-2.326335145620897826e+00
-2.455575987044280595e+00
-2.584816828467664251e+00
-2.714057669891047020e+00
-2.843298511314430677e+00
-2.972539352737813445e+00
-3.101780194161196658e+00
-3.231021035584579426e+00
-3.360261877007963527e+00
-3.489502718431346295e+00
-3.618743559854729508e+00
-3.747984401278112276e+00
-3.877225242701496377e+00
-4.006466084124879146e+00
-4.135706925548262802e+00
-4.264947766971645571e+00
-4.394188608395028339e+00
-4.523429449818412884e+00
-4.652670291241795653e+00
-4.781911132665178421e+00
-4.911151974088561190e+00
-5.040392815511945734e+00
-5.169633656935328503e+00
-5.298874498358711271e+00
-5.428115339782094040e+00
-5.557356181205476808e+00
-5.686597022628861353e+00
-5.815837864052244122e+00
-5.945078705475626890e+00
-6.074319546899009659e+00
-6.203560388322393315e+00
-6.332801229745776972e+00
-6.462042071169158852e+00
-6.591282912592543397e+00
-6.720523754015927054e+00
-6.849764595439310710e+00
-6.979005436862692591e+00
-7.108246278286075359e+00
-7.237487119709459016e+00
-7.366727961132840896e+00
-7.495968802556224553e+00
-7.625209643979608209e+00
-7.754450485402992754e+00
-7.883691326826374635e+00
-8.012932168249758291e+00
-8.142173009673141948e+00
-8.271413851096525605e+00
-8.400654692519907485e+00
-8.529895533943291142e+00
-8.659136375366673022e+00
-8.788377216790056679e+00
-8.917618058213440335e+00
-9.046858899636825768e+00
-9.176099741060207649e+00
-9.305340582483591305e+00
-9.434581423906973185e+00
-9.563822265330356842e+00
-9.693063106753738722e+00
-9.822303948177122379e+00
-9.951544789600504259e+00
-1.008078563102389147e+01
-1.021002647244727335e+01
-1.033926731387065701e+01
-1.046850815529403889e+01
-1.059774899671742254e+01
-1.072698983814080442e+01
-1.085623067956418808e+01
-1.098547152098757174e+01
-1.111471236241095362e+01
-1.124395320383433905e+01
-1.137319404525772271e+01
-1.150243488668110459e+01
-1.163167572810448824e+01
-1.176091656952787190e+01
-1.189015741095125378e+01
-1.201939825237463744e+01
-1.214863909379801932e+01
-1.227787993522140297e+01
-1.240712077664478663e+01
-1.253636161806817206e+01
-1.266560245949155394e+01
-1.279484330091493760e+01
