7.154145626570931709e-07
7.374852121268817516e-06
5.501374771170804986e-05
2.961505228375335371e-04
1.150263266526256904e-03
3.223655359558195901e-03
6.519435138279142117e-03
9.515601947755851497e-03
1.002519558934821323e-02
7.625278096947562916e-03
4.188058492598420966e-03
1.661386365819042098e-03
4.762018901987783424e-04
9.872756363928589793e-05
1.490398293462961746e-05
1.745861785016743149e-06
2.740387804526184137e-07
1.561272756068335384e-07
1.493387704861389669e-07
1.490572586187169290e-07
1.490489287497811807e-07
1.490490276664988252e-07
1.490469188806101983e-07
1.490494169281666602e-07
1.490727930117513821e-07
1.490026383861864459e-07
1.489044360079826382e-07
1.494597394194577787e-07
1.496609255032866734e-07
1.471986387944815447e-07
1.464849969416166065e-07
1.537858810688877502e-07
1.586868700420964804e-07
1.451136570617672421e-07
1.253492522844655670e-07
1.327076580828341872e-07
1.720541634590997411e-07
2.019457095971484907e-07
1.819264710497680282e-07
1.220070047872209629e-07
6.819212841371679927e-08
5.879667106591303812e-08
1.091776009884245885e-07
2.057180279631806542e-07
2.927708011052998415e-07
3.028962140465444836e-07
2.270568787326480038e-07
1.237744919141504762e-07
4.988158564549767646e-08
1.598849904862625986e-08
5.602118745659613031e-09
4.871544926116657256e-09
1.325952177563014979e-08
4.727343679643781233e-08
1.387949147892953952e-07
3.024912928673120599e-07
4.792591243343516083e-07
5.494843444841750996e-07
4.555899028259120025e-07
2.735470372708579055e-07
1.196712055885426744e-07
3.917944363038273972e-08
1.090542350741336144e-08
4.016845229341964887e-09
2.833876950526824300e-09
2.689367491349877257e-09
2.676737857121265453e-09
2.675944484655645732e-09
2.675908004011526841e-09
2.675906523238120851e-09
2.675907020595762441e-09
2.675922935003506361e-09
2.676330038609664252e-09
2.684012454826480664e-09
2.788097571449177884e-09
3.796316757451671205e-09
1.074811939951770047e-08
4.463392855537386561e-08
1.600270477739266115e-07
4.284639096785666225e-07
8.341175659447120079e-07
1.174442681166124824e-06
1.194707559706148467e-06
8.781589150605170678e-07
4.669848086924572569e-07
1.805290575846098149e-07
5.189313314234492530e-08
1.251804114592719498e-08
4.098574211208620663e-09
2.824601295838922882e-09
2.687148193835034905e-09
2.676522352723080336e-09
2.675932224997410271e-09
2.675908919357798751e-09
2.675908366234070520e-09
2.675908221235545254e-09
2.675907902649385334e-09
2.675907569893150440e-09
2.675907397381623169e-09
2.675907456211860596e-09
