7.154944734162343556e-07
7.375040153735035685e-06
5.501476076007188733e-05
2.961562032168640196e-04
1.150288490287433660e-03
3.223741057597146690e-03
6.519658924685634710e-03
9.516058130546784302e-03
1.002593978675008109e-02
7.626285087505996381e-03
4.189242193656011505e-03
1.662657964648888440e-03
4.775061807736141685e-04
1.000412391684032623e-04
1.621995195092266971e-05
3.062446648862590739e-06
1.590870277671761875e-06
1.473099181031347865e-06
1.466403908362374926e-06
1.466188680594937789e-06
1.466229420323439989e-06
1.466266823795098263e-06
1.466296261445685374e-06
1.466319785315690799e-06
1.466338897322342632e-06
1.466354646966959330e-06
1.466367786422236484e-06
1.466378867256168543e-06
1.466388301882607346e-06
1.466396403817019423e-06
1.466403414689742898e-06
1.466409523660020120e-06
1.466414878267611616e-06
1.466419596678724101e-06
1.466423832819165036e-06
1.466427199328902615e-06
1.466432056468400197e-06
1.466431148551631442e-06
1.466435764475788763e-06
1.466467722941590700e-06
1.466342631352984042e-06
1.466555513292765662e-06
1.466710730080228033e-06
1.465327260161762931e-06
1.467318003641196207e-06
1.469345769931901588e-06
1.460298360696811231e-06
1.463265689054667697e-06
1.484823390857285533e-06
1.466652212510048246e-06
1.425431305332070686e-06
1.467704445226886111e-06
1.545678923456119161e-06
1.484913046355087287e-06
1.338171064515681936e-06
1.371220826163483127e-06
1.606884760889692076e-06
1.707652939068410658e-06
1.459743489509367151e-06
1.127394327582117740e-06
1.147549720531244631e-06
1.584731579088279402e-06
2.002886067727006563e-06
1.924162549856676974e-06
1.369995695520501071e-06
8.143524805169814567e-07
7.101673746306171038e-07
1.195974127443039018e-06
2.008156315946160502e-06
2.545481580100570036e-06
2.341637972974463811e-06
1.557796495994925777e-06
7.571477319801782167e-07
3.142071148662154566e-07
3.006925952983777496e-07
7.551072133385532373e-07
1.701548606133177361e-06
2.809829054630806947e-06
3.353321567730683793e-06
2.889954763789930413e-06
1.799108942323747316e-06
8.099159678010353232e-07
2.649634417331323738e-07
6.674865779919192837e-08
3.303012843246162436e-08
1.150468004668833696e-07
4.503931323020070339e-07
1.304385764637115295e-06
2.734576784188841443e-06
4.140614285172603977e-06
4.526731794938023906e-06
3.573511997488977687e-06
2.037823379406225561e-06
8.404167418143940026e-07
2.518273206549830679e-07
5.626296002695759723e-08
1.105622115337943156e-08
3.684430836642598677e-09
2.934673828974155896e-09
4.158739968216242626e-09
