0.000000000000000000e+00
3.231021228168463877e-02
6.462042456336927754e-02
9.693063684505390243e-02
1.292408491267385551e-01
1.615510614084231800e-01
1.938612736901078049e-01
2.261714859717924575e-01
2.584816982534771101e-01
2.907919105351616795e-01
3.231021228168463599e-01
3.554123350985310403e-01
3.877225473802156097e-01
4.200327596619002346e-01
4.523429719435849150e-01
4.846531842252696509e-01
5.169633965069542203e-01
5.492736087886387342e-01
5.815838210703233591e-01
6.138940333520082060e-01
6.462042456336927199e-01
6.785144579153773448e-01
7.108246701970620807e-01
7.431348824787467056e-01
7.754450947604312194e-01
8.077553070421159553e-01
8.400655193238004692e-01
8.723757316054852051e-01
9.046859438871698300e-01
9.369961561688544549e-01
9.693063684505393018e-01
1.001616580732223927e+00
1.033926793013908441e+00
1.066237005295593177e+00
1.098547217577277468e+00
1.130857429858962426e+00
1.163167642140646718e+00
1.195477854422331676e+00
1.227788066704016412e+00
1.260098278985701148e+00
1.292408491267385440e+00
1.324718703549070176e+00
1.357028915830754690e+00
1.389339128112439647e+00
1.421649340394124161e+00
1.453959552675808675e+00
1.486269764957493411e+00
1.518579977239178147e+00
1.550890189520862439e+00
1.583200401802547397e+00
1.615510614084231911e+00
1.647820826365916647e+00
1.680131038647600938e+00
1.712441250929285674e+00
1.744751463210970410e+00
1.777061675492654924e+00
1.809371887774339660e+00
1.841682100056024396e+00
1.873992312337708910e+00
1.906302524619393646e+00
1.938612736901078604e+00
1.970922949182762896e+00
2.003233161464447853e+00
2.035543373746131923e+00
2.067853586027816881e+00
2.100163798309501395e+00
2.132474010591186353e+00
2.164784222872870867e+00
2.197094435154554937e+00
2.229404647436240339e+00
2.261714859717924853e+00
2.294025071999609366e+00
2.326335284281293436e+00
2.358645496562978838e+00
2.390955708844663352e+00
2.423265921126347866e+00
2.455576133408032824e+00
2.487886345689716894e+00
2.520196557971402296e+00
2.552506770253086366e+00
2.584816982534770879e+00
2.617127194816456282e+00
2.649437407098140351e+00
2.681747619379824865e+00
2.714057831661509379e+00
2.746368043943194337e+00
2.778678256224879295e+00
2.810988468506563365e+00
2.843298680788248323e+00
2.875608893069932837e+00
2.907919105351617350e+00
2.940229317633301864e+00
2.972539529914986822e+00
3.004849742196671336e+00
3.037159954478356294e+00
3.069470166760040364e+00
3.101780379041724878e+00
3.134090591323410280e+00
3.166400803605094794e+00
3.198711015886778863e+00
