5.055929528867983500e-05
8.974802494492211324e-05
1.438518179772723846e-04
2.081993666698277775e-04
2.721003942893988198e-04
3.211306467338022374e-04
3.422623842244315378e-04
3.294491052520158122e-04
2.864184663093253353e-04
2.249229903136873497e-04
1.595615720113925022e-04
1.022658685271302722e-04
5.922325816670438264e-05
3.099341347513759147e-05
1.465966870435442187e-05
6.267963089508920477e-06
2.423040824794190157e-06
8.471307710552110173e-07
2.680101760972169151e-07
7.686668206843443273e-08
2.012443912609073377e-08
4.957289227313541571e-09
1.303301550476126727e-09
5.092422803634800296e-10
3.534753240283678674e-10
3.258749203159577438e-10
3.214548469292772713e-10
3.208147353635661982e-10
3.207308611280198868e-10
3.207209097084810023e-10
3.207198367964293857e-10
3.207197280289970263e-10
3.207197138919807407e-10
3.207197081423782219e-10
3.207197031206873009e-10
3.207196982506241696e-10
3.207196935166783128e-10
3.207196889461959595e-10
3.207196845937905723e-10
3.207196805900913408e-10
3.207196771346154176e-10
3.207196744700781708e-10
3.207196728262248795e-10
3.207196723783620506e-10
3.207196732112156746e-10
3.207196753375060316e-10
3.207196787059217122e-10
3.207196831974486938e-10
3.207196886478763218e-10
3.207196948487209091e-10
3.207197015525934139e-10
3.207197084953585231e-10
3.207197154039681557e-10
3.207197219887239123e-10
3.207197279422388081e-10
3.207197329368984490e-10
3.207197366237591233e-10
3.207197386950271836e-10
3.207197389214040800e-10
3.207197372062543340e-10
3.207197335848430848e-10
3.207197282138898844e-10
3.207197213421992871e-10
3.207197132937866242e-10
3.207197044865566212e-10
3.207196954205408887e-10
3.207196867013576444e-10
3.207196789558054789e-10
3.207196727610343102e-10
3.207196685586775216e-10
3.207196666037251174e-10
3.207196669840708281e-10
3.207196696336134617e-10
3.207196743588968764e-10
3.207196808189377849e-10
3.207196885000815836e-10
3.207196967406387902e-10
3.207197047542730060e-10
3.207197117268117059e-10
3.207197169028698837e-10
3.207197196929215521e-10
3.207197197358909483e-10
3.207197169625612012e-10
3.207197116180038511e-10
3.207197042620969743e-10
3.207196957199170945e-10
3.207196870134197506e-10
3.207196792421500229e-10
3.207196734576442045e-10
3.207196705351216290e-10
3.207196710399301045e-10
3.207196751449210142e-10
3.207196825608046375e-10
3.207196925610061522e-10
3.207197040448800176e-10
3.207197156764942857e-10
3.207197260596465096e-10
3.207197339311370267e-10
3.207197383385220073e-10
3.207197387732347324e-10
