7.156197140561724919e-07
7.375024630772086089e-06
5.501368664836803039e-05
2.961492925848908313e-04
1.150258110404463706e-03
3.223642461095009484e-03
6.519419600861175307e-03
9.515622726431428521e-03
1.002535532466411299e-02
7.625760441991190700e-03
4.189134847539487116e-03
1.663429655863218459e-03
4.797274740448536062e-04
1.044839629230714614e-04
2.405030229626704726e-05
1.621113581933026420e-05
2.351669497785821079e-05
3.876087618731495764e-05
6.679385137822673011e-05
1.173155145836650372e-04
1.992905075427789071e-04
3.061247917476552969e-04
4.031154605117680473e-04
4.455670728366122957e-04
4.175644722535772698e-04
3.408084855822112206e-04
2.498568470970495298e-04
1.708502784503161957e-04
1.145687699513726833e-04
7.907749117666039505e-05
5.753704017664459876e-05
4.407072332049973126e-05
3.514696439053581158e-05
2.888842071381814860e-05
2.429397146601282691e-05
2.079929561111686887e-05
1.806573964341145347e-05
1.587854275157950210e-05
1.409557469130752545e-05
1.261898530320182631e-05
1.137972350371253502e-05
1.032737745607124221e-05
9.424797703860323517e-06
8.643590403922089962e-06
7.962201756928615552e-06
7.363516469765397836e-06
6.834273600431474237e-06
6.363593830635962718e-06
5.942920502032618745e-06
5.565041296862380295e-06
5.224207982520380029e-06
4.915477438504006935e-06
4.634848918258936987e-06
4.378844721037768590e-06
4.144589988298854175e-06
3.929587391664719412e-06
3.731710321368278333e-06
3.549136113088318495e-06
3.380250407276105474e-06
3.223704740984782511e-06
3.078246244172697372e-06
2.942864462277460321e-06
2.816569944605685821e-06
2.698594909184542161e-06
2.588148387991004960e-06
2.484637029774353565e-06
2.387424387299653845e-06
2.296042069821244764e-06
2.209977414255319060e-06
2.128851087747272140e-06
2.052251700126572077e-06
1.979863234153549842e-06
1.911358075837138850e-06
1.846465566765107126e-06
1.784927383509777851e-06
1.726506272638958664e-06
1.671000556383455917e-06
1.618198997351025792e-06
1.567945163553519181e-06
1.520049787431348700e-06
1.474391318296180607e-06
1.430800692587798192e-06
1.389181940095725628e-06
1.349385795575562892e-06
1.311333781038788479e-06
1.274896613815304956e-06
1.240006612009713181e-06
1.206554641808936067e-06
1.174478654927729571e-06
1.143689382137086116e-06
1.114126840973855600e-06
1.085720637458739325e-06
1.058410836276393019e-06
1.032144137904622242e-06
1.006860029855251712e-06
9.825197975553048915e-07
9.590628700295890262e-07
9.364620589891778443e-07
9.146580742676056211e-07
8.936319046076754259e-07
