7.156210515005227792e-07
7.375026520475957310e-06
5.501369013986725473e-05
2.961492730252127353e-04
1.150257735093510383e-03
3.223639541215181110e-03
6.519405135654916805e-03
9.515571660950480556e-03
1.002521668303627510e-02
7.625449587688899571e-03
4.188524612007895644e-03
1.662339372139535641e-03
4.779050253260307547e-04
1.015669574336055110e-04
1.949255300907678316e-05
9.157254680248789149e-06
1.265837904080130587e-05
2.249203348194360463e-05
4.475091844465893233e-05
9.486657425330007282e-05
1.936734887090439097e-04
3.451390496164830719e-04
5.046863343405645240e-04
5.884636644646238464e-04
5.443225365427295948e-04
4.052553625806749383e-04
2.521926454430705594e-04
1.406593420818225137e-04
7.778675202003153711e-05
4.683086310289209190e-05
3.164695701586576001e-05
2.341543465046325715e-05
1.835995134092167398e-05
1.494532512768704628e-05
1.248941456292813159e-05
1.064518783466868579e-05
9.215379857226494904e-06
8.078862551660656957e-06
7.157035924081278443e-06
6.396699150280597219e-06
5.760605637406002764e-06
5.221940311514458314e-06
4.760937480486325692e-06
4.362729622606215395e-06
4.015934826273132416e-06
3.711703599083154074e-06
3.443060223845478996e-06
3.204438055573705002e-06
2.991345529176695668e-06
2.800122104478639914e-06
2.627757250395607370e-06
2.471754358104035148e-06
2.330027163860320028e-06
2.200820021673035710e-06
2.082645895048804254e-06
1.974237666653328509e-06
1.874509565758422162e-06
1.782526358980516854e-06
1.697478552879868357e-06
1.618662292284658200e-06
1.545462955913977609e-06
1.477341685165720451e-06
1.413824256339896981e-06
1.354491837529779557e-06
1.298973270678962547e-06
1.246938595173426402e-06
1.198093587717786882e-06
1.152175138537773572e-06
1.108947319345923494e-06
1.068198026224123471e-06
1.029736102433328030e-06
9.933888635825753198e-07
9.589999615387574389e-07
9.264275346331566709e-07
8.955426007245810923e-07
8.662276570022228453e-07
8.383754563494230089e-07
8.118879349659954120e-07
7.866752700525109556e-07
7.626550497644348616e-07
7.397515403226285676e-07
7.178950373263214934e-07
6.970212902449196807e-07
6.770709907697686716e-07
6.579893170413603956e-07
6.397255267595496324e-07
6.222325931024615687e-07
6.054668783250710077e-07
5.893878407025510023e-07
5.739577710119676755e-07
5.591415551325241730e-07
5.449064597670954766e-07
5.312219387442129451e-07
5.180594577042596780e-07
5.053923351817902122e-07
4.931955983026327114e-07
4.814458515440113018e-07
4.701211571818625185e-07
4.592009262095829568e-07
4.486658187395351262e-07
