3.856287070321749418e-05
7.055168589529061968e-05
1.152307888732425879e-04
1.692670699814602603e-04
2.245271556093318438e-04
2.697174648134382743e-04
2.942616703507574681e-04
2.926317494941038351e-04
2.666542439746849764e-04
2.244040046839368202e-04
1.764560922603925690e-04
1.317913413430696942e-04
9.544503489577376223e-05
6.849151012666823473e-05
4.952072432679818667e-05
3.632262022559044564e-05
2.696226096550538722e-05
2.012776614159367407e-05
1.503805502860217604e-05
1.122961646621373800e-05
8.393669481753818172e-06
6.296023255551790000e-06
4.750097234464705545e-06
3.609831644450203259e-06
2.765127426473781280e-06
2.135508781277075609e-06
1.663048147996976897e-06
1.306123478313981047e-06
1.034659217057094038e-06
8.267620977311798138e-07
6.663968609954771950e-07
5.417656234166797177e-07
4.441555951955643799e-07
3.671073658046281289e-07
3.058105708828101497e-07
2.566643201925014431e-07
2.169576480703123603e-07
1.846371393068305537e-07
1.581376142870747776e-07
1.362583446778704410e-07
1.180721724247516481e-07
1.028584707823877414e-07
9.005343538383903713e-08
7.921299073236780699e-08
6.998483667628570483e-08
6.208697255686595217e-08
5.529053808264361522e-08
4.940518019289907719e-08
4.426572768014059954e-08
3.972016340657164900e-08
3.562087723290499235e-08
3.182317538072757132e-08
2.819504233588621238e-08
2.463818812801822273e-08
2.111292356912388949e-08
1.765294423585747361e-08
1.435707084621690539e-08
1.135576377511256899e-08
8.765035633618832805e-09
6.648578989914032420e-09
5.004027508955768031e-09
3.775029284052077861e-09
2.877805830087365416e-09
2.227185320067009773e-09
1.752523928488692212e-09
1.402255805217206567e-09
1.141195285070913093e-09
9.455357622045878688e-10
7.985834355718383802e-10
6.880864935893498080e-10
6.048160172327418507e-10
5.418055187808253321e-10
4.938510065673094979e-10
4.571086069067367455e-10
4.287559735914228124e-10
4.067204012704541307e-10
3.894730038208857764e-10
3.758790901948245346e-10
3.650912273578598851e-10
3.564727708902060309e-10
3.495427117845869470e-10
3.439355352657875204e-10
3.393718187790250422e-10
3.356366113730661906e-10
3.325634881378772404e-10
3.300227522937229953e-10
3.279126711980742968e-10
3.261529349145136243e-10
3.246797476786676227e-10
3.234421238074848614e-10
3.223990762281212160e-10
3.215174699498373298e-10
3.207703734793792340e-10
3.201357853580858496e-10
3.195956451234330801e-10
3.191350619943258013e-10
3.187417126717570805e-10
3.184053735498624445e-10
3.181175625461402711e-10
3.178712705857887140e-10
