7.155723965068930011e-07
7.375016460774757005e-06
5.501402228270412979e-05
2.961520453625152778e-04
1.150274303234369863e-03
3.223717433183203359e-03
6.519697284100157975e-03
9.516456700197560917e-03
1.002742056733837810e-02
7.630061757331588548e-03
4.196839610541725635e-03
1.675577356817399121e-03
4.969354870651142590e-04
1.267110975810962527e-04
5.038278493284252567e-05
4.454131987427713713e-05
4.986285556800960504e-05
5.576663548407062668e-05
6.085807264146473510e-05
6.496651383416406143e-05
6.808861317129969403e-05
7.027721627889234270e-05
7.161801760380807772e-05
7.221443416465738818e-05
7.217612114179778682e-05
7.161083764751359460e-05
7.061920383751176629e-05
6.929174217042851865e-05
6.770759285627787156e-05
6.593437145640134616e-05
6.402874512095323742e-05
6.203741302798345346e-05
5.999827131835058254e-05
5.794161804542505924e-05
5.589130964402257802e-05
5.386581992795547364e-05
5.187917915653796904e-05
4.994178761801627310e-05
4.806110827689808070e-05
4.624224851108044306e-05
4.448844343633015437e-05
4.280145391987827353e-05
4.118189189859471072e-05
3.962948455240132556e-05
3.814328756554574083e-05
3.672185633462680108e-05
3.536338266573458276e-05
3.406580330237041633e-05
3.282688556552997152e-05
3.164429447162180048e-05
3.051564491562708484e-05
2.943854185340932821e-05
2.841061087341449588e-05
2.742952109883121101e-05
2.649300199213312128e-05
2.559885533189161196e-05
2.474496338555416780e-05
2.392929410170008316e-05
2.314990398282675360e-05
2.240493916818869118e-05
2.169263514989007151e-05
2.101131545960013911e-05
2.035938959400520205e-05
1.973535039125563889e-05
1.913777102576617539e-05
1.856530175270631065e-05
1.801666650460723396e-05
1.749065941939422476e-05
1.698614136071659918e-05
1.650203647665710561e-05
1.603732883108927964e-05
1.559105913263085668e-05
1.516232157880105833e-05
1.475026082716913081e-05
1.435406909993838054e-05
1.397298339860143660e-05
1.360628218081323613e-05
1.325327056262841158e-05
1.291312624622222312e-05
1.258359704314088664e-05
1.225343432610513508e-05
1.187395629503678633e-05
1.129834290156362714e-05
1.024655108480234209e-05
8.453833529477043271e-06
6.014729605725825831e-06
3.516154199930859438e-06
1.627480643109439690e-06
5.817741506812399264e-07
1.589772421646507236e-07
3.432275340339449099e-08
7.542889036565865864e-09
3.352744075812376769e-09
2.875404731549117376e-09
2.835822971416584881e-09
2.833434183093388534e-09
2.833328973573286180e-09
2.833325289677917463e-09
2.833325039323094538e-09
2.833325096646548446e-09
