7.154978905770476973e-07
7.374993149077879743e-06
5.501443617571592592e-05
2.961553963134980097e-04
1.150292937152770124e-03
3.223796781281040424e-03
6.519958232349256332e-03
9.517118926697163209e-03
1.002871059492682973e-02
7.631949594728112962e-03
4.198740230623975063e-03
1.676285045827122060e-03
4.948995416502475824e-04
1.204734476853153022e-04
3.891632517546664310e-05
2.737515567588918672e-05
2.703809604797363907e-05
2.771369648958019614e-05
2.826098332808309034e-05
2.864461436042811982e-05
2.890483774299778164e-05
2.907284490207502950e-05
2.917030921199100367e-05
2.921250404817291130e-05
2.921043335679631957e-05
2.917220127442059690e-05
2.910390379185147396e-05
2.901021999758386923e-05
2.889481150880587109e-05
2.876059719950119117e-05
2.860994535558427038e-05
2.844481017543839220e-05
2.826683012475262238e-05
2.807739973373981433e-05
2.787772263429794857e-05
2.766885116676059874e-05
2.745171625284993338e-05
2.722715013413356156e-05
2.699590382726719799e-05
2.675866063032929744e-05
2.651604665262690617e-05
2.626863908391908236e-05
2.601697273513395062e-05
2.576154524941049153e-05
2.550282128487151869e-05
2.524123589858698476e-05
2.497719730749054811e-05
2.471108916169749986e-05
2.444327243522877798e-05
2.417408701589938164e-05
2.390385305808471656e-05
2.363287214433666604e-05
2.336142817366315319e-05
2.308978535099368823e-05
2.281814249628416865e-05
2.254611111639596174e-05
2.226864670665552000e-05
2.195472365199230966e-05
2.147652718502169331e-05
2.048449563740185729e-05
1.839561067251189278e-05
1.479871370593854928e-05
1.011504597105690254e-05
5.613498954078869710e-06
2.445431179344898306e-06
8.176179389517674822e-07
2.077314454724828349e-07
4.121532903720551635e-08
8.097423241430992579e-09
3.300617473217901558e-09
2.794756592213511623e-09
2.755922046752986841e-09
2.753752660254043904e-09
2.753664998240727998e-09
2.753662694058557096e-09
2.753662572095554811e-09
2.753662221066578413e-09
2.753661804151513963e-09
2.753661533373593028e-09
2.753661522367390427e-09
2.753661783532094562e-09
2.753662247611212897e-09
2.753662757276203919e-09
2.753663093949859073e-09
2.753663089629860348e-09
2.753662739430467936e-09
2.753662194692166119e-09
2.753661651689780572e-09
2.753661256855422867e-09
2.753661091597900231e-09
2.753661185559284509e-09
2.753661500412102047e-09
2.753661913690580671e-09
2.753662256327424702e-09
2.753662387159146908e-09
2.753662256494726530e-09
2.753661937663429981e-09
2.753661603986718842e-09
2.753661430325171877e-09
2.753661488131858909e-09
