5.584216740917794918e-07
5.755336495365819675e-06
4.293454485691688732e-05
2.311528172209266301e-04
8.979868765907549847e-04
2.517438964656103142e-03
5.093826544729000705e-03
7.441415422348965532e-03
7.853042698677323644e-03
5.994545421541171322e-03
3.322421626712927529e-03
1.355595953592240348e-03
4.323956004103970420e-04
1.387784681628186436e-04
7.514695652406594244e-05
6.839615020821413990e-05
7.346546128817374433e-05
8.388204565238487488e-05
1.012069427239013227e-04
1.282084352619883879e-04
1.651230811465449798e-04
2.046480850358550763e-04
2.304121514190231963e-04
2.256681307653861715e-04
1.877502787998762076e-04
1.320822317640907208e-04
7.969265912631264784e-05
4.264803565214193300e-05
2.130287398873526597e-05
1.050787018131993954e-05
5.323536990591091430e-06
2.788957957947896527e-06
1.482202169674880599e-06
7.848781516993377584e-07
4.427068252514847657e-07
3.653525037908808035e-07
5.289656501630671311e-07
9.087950340932753445e-07
1.432101968090930004e-06
1.974939797742149708e-06
2.409883942517656546e-06
2.664978206191998899e-06
2.741912186605903322e-06
2.687704609308787346e-06
2.560277245090109707e-06
2.416893908523583702e-06
2.312089951834006779e-06
2.286370132836008715e-06
2.356183338448696544e-06
2.518007009491192060e-06
2.755772300860821629e-06
3.039338961167624902e-06
3.319732737530572773e-06
3.534073539380992469e-06
3.624404151623211160e-06
3.560899777967033807e-06
3.353303942083451641e-06
3.042385507269890453e-06
2.679263811846776751e-06
2.308319277195969474e-06
1.961847069835575096e-06
1.661820525930438097e-06
1.420766235910660829e-06
1.240722473062002950e-06
1.114296144141426398e-06
1.028810641444953986e-06
9.705347531626189230e-07
9.268660437278155282e-07
8.870906642180769548e-07
8.430266898526760453e-07
7.898243847563881223e-07
7.263332281367896564e-07
6.545402744302456455e-07
5.782677496512209954e-07
5.018122531432145160e-07
4.290628130640643231e-07
3.631015952172904516e-07
3.059846707469147024e-07
2.585669518926888398e-07
2.205092093668475573e-07
1.905782508124364502e-07
1.671142061799146713e-07
1.484348377617829553e-07
1.330637753235044983e-07
1.198219892722700181e-07
1.078582924271001501e-07
9.664544513496699984e-08
8.593666810403222649e-08
7.569065077933712141e-08
6.598978480886494908e-08
5.697179919779987599e-08
4.877980832897613767e-08
4.152619883496528970e-08
3.526728983594104111e-08
2.999176344213058054e-08
2.562633574711633023e-08
2.205537305454522041e-08
1.914491990739218192e-08
1.676235365413735151e-08
1.478864744719729724e-08
