7.154088616152403920e-07
7.374812779984159087e-06
5.501346152334698163e-05
2.961489284590926329e-04
1.150256681738717236e-03
3.223635132939782749e-03
6.519388366521320331e-03
9.515518804668951849e-03
1.002507804016095939e-02
7.625139000233742241e-03
4.187911462583245904e-03
1.661238544188738770e-03
4.760548611909768812e-04
9.858101580175572054e-05
1.475757799182191954e-05
1.599483593245865908e-06
1.276638573584092149e-07
9.752528726029997476e-09
2.963949540163900363e-09
2.682387204276626973e-09
2.673960278466306791e-09
2.673780106737565045e-09
2.673779756219127830e-09
2.673781677671664298e-09
2.673782441782250747e-09
2.673781839379944349e-09
2.673780168387189274e-09
2.673778065234996850e-09
2.673776262192290975e-09
2.673775323025536011e-09
2.673775459433472564e-09
2.673776491419274140e-09
2.673777954704230750e-09
2.673779293705696130e-09
2.673780051335929218e-09
2.673780010378445560e-09
2.673779260457080419e-09
2.673778152159331491e-09
2.673777156766488542e-09
2.673776681929522795e-09
2.673776904229458109e-09
2.673777708503829807e-09
2.673778759375876203e-09
2.673779638679474284e-09
2.673779994465720240e-09
2.673779680671798938e-09
2.673778821416815178e-09
2.673777742988343516e-09
2.673776818176295613e-09
2.673776327871791910e-09
2.673776390575458893e-09
2.673776942608809221e-09
2.673777760859944610e-09
2.673778544721563019e-09
2.673779033627173612e-09
2.673779094598439428e-09
2.673778756031972107e-09
2.673778199502316537e-09
2.673777700879949705e-09
2.673777521904162284e-09
2.673777785192189006e-09
2.673778402952976213e-09
2.673779116952757668e-09
2.673779619750945644e-09
2.673779687937840706e-09
2.673779276938798467e-09
2.673778530072213809e-09
2.673777695682198613e-09
2.673777025017346522e-09
2.673776703291813252e-09
2.673776805921161544e-09
2.673777273230653023e-09
2.673777922989108633e-09
2.673778510115016595e-09
2.673778816377925776e-09
2.673778749715672648e-09
2.673778399509542851e-09
2.673777983547344558e-09
2.673777714452567011e-09
2.673777705357533782e-09
2.673777968085170455e-09
2.673778432933088650e-09
2.673778942401195383e-09
2.673779278052687738e-09
2.673779272264275508e-09
2.673778920626234031e-09
2.673778374894688476e-09
2.673777831565953294e-09
2.673777437049992296e-09
2.673777272520716163e-09
2.673777367277433772e-09
2.673777682675473763e-09
2.673778096077096005e-09
2.673778438441022133e-09
2.673778568798874900e-09
2.673778437738292084e-09
2.673778118830736927e-09
2.673777785511599009e-09
2.673777612576068055e-09
2.673777671261590647e-09
