7.156059887749994574e-07
7.375029961833851694e-06
5.501385856984923205e-05
2.961506282227135576e-04
1.150265878985189897e-03
3.223678335094089416e-03
6.519553304484665759e-03
9.516031591974597262e-03
1.002640013600831874e-02
7.628037187346346608e-03
4.193465430054818532e-03
1.670801378915761585e-03
4.912092916427217380e-04
1.211092197482460436e-04
4.660268470722058083e-05
4.477921100766024399e-05
5.656565452167174290e-05
7.127081417217604874e-05
8.695540270755526048e-05
1.024805774405052912e-04
1.165819997041211758e-04
1.280042751761218550e-04
1.357722505759671348e-04
1.394128485299791630e-04
1.390315885594511122e-04
1.352215173400364361e-04
1.288598777796299275e-04
1.208845581641973061e-04
1.121251785555545122e-04
1.032178421366395819e-04
9.459220899014702481e-05
8.650165232497671367e-05
7.906893141990796686e-05
7.233000614862114303e-05
6.626858030342672721e-05
6.084027185618041001e-05
5.598813144736990225e-05
5.165190699227432605e-05
4.777316919962648254e-05
4.429786403984684528e-05
4.117734670513671614e-05
3.836856561857185242e-05
3.583380236271932300e-05
3.354020511788901037e-05
3.145924958605777902e-05
2.956619941685259323e-05
2.783960202775371794e-05
2.626083520628378506e-05
2.481370863870937602e-05
2.348411866129714509e-05
2.225975176354955871e-05
2.112983132244631397e-05
2.008490191604556734e-05
1.911664589579042934e-05
1.821772743114354176e-05
1.738165983628504560e-05
1.660269257269107558e-05
1.587571485793714063e-05
1.519617328603472852e-05
1.456000127569100864e-05
1.396355851351390525e-05
1.340357885541119039e-05
1.287712539809888934e-05
1.238155164052706125e-05
1.191446782853895584e-05
1.147371172075486485e-05
1.105732313422117412e-05
1.066352172890078533e-05
1.029068757401132867e-05
9.937344109249080567e-06
9.602143172486607986e-06
9.283851814655658634e-06
8.981340663799194753e-06
8.693573634967663083e-06
8.419598811862475055e-06
8.158540350841025733e-06
7.909591278787309884e-06
7.672007074093837296e-06
7.445099935185762331e-06
7.228233653971256778e-06
7.020819022517432467e-06
6.822309710524188625e-06
6.632198559249747840e-06
6.450014244572554118e-06
6.275318267828563566e-06
6.107702238070377271e-06
5.946785413805059810e-06
5.792212476253610285e-06
5.643651509622573481e-06
5.500792166725672271e-06
5.363344000709306568e-06
5.231034945836889306e-06
5.103609932303995641e-06
4.980829621770130410e-06
4.862469251704266371e-06
4.748317577911955107e-06
4.638175905783912966e-06
4.531857201813993409e-06
4.429185277826918183e-06
4.329994041233556555e-06
