3.482333791148419617e-05
6.552406735377184317e-05
1.082851579550855593e-04
1.595009461448029678e-04
2.110450624630927320e-04
2.521613616307856335e-04
2.734352771367948905e-04
2.708989800728494766e-04
2.477487580306027520e-04
2.124791352790501517e-04
1.746191866384545451e-04
1.407809955142605082e-04
1.131915763591931947e-04
9.088485549138581329e-05
7.201294244637426538e-05
5.550650245668297029e-05
4.135403834521358490e-05
2.995114868122435037e-05
2.140289845936635966e-05
1.531186543344903859e-05
1.100779663801619248e-05
7.878328910176306171e-06
5.536989048676323376e-06
3.794498612054477233e-06
2.547637716000608157e-06
1.698464566695310840e-06
1.138115251575473451e-06
7.672196129652213925e-07
5.147921229051834936e-07
3.395538511801744294e-07
2.192735248864219669e-07
1.396797118335248112e-07
8.897522190559714466e-08
5.717338029193525269e-08
3.693094266240900360e-08
2.370167776447756168e-08
1.498357529551584627e-08
9.355567178952459337e-09
5.849143165835728555e-09
3.721238328837324101e-09
2.429466693161920873e-09
1.627228629016462060e-09
1.119160388784475844e-09
7.991108150200931016e-10
6.030769193878786749e-10
4.866297626104167526e-10
4.182621554533326077e-10
3.775462863942277070e-10
3.527187549895933794e-10
3.374700870103311537e-10
3.282729558273069392e-10
3.228908528840814459e-10
3.198043632429712138e-10
3.180268495082664228e-10
3.169802168079652027e-10
3.163539795958739277e-10
3.159821044774094654e-10
3.157670027535065307e-10
3.156456802097706034e-10
3.155776169337568158e-10
3.155387751956384001e-10
3.155161425418120599e-10
3.155029243923055054e-10
3.154953577928697531e-10
3.154911418541419123e-10
3.154888243965894770e-10
3.154875380832946850e-10
3.154868085337033225e-10
3.154863905880713493e-10
3.154861542771601029e-10
3.154860241657287827e-10
3.154859538780048100e-10
3.154859157019954233e-10
3.154858943711732429e-10
3.154858820642352810e-10
3.154858747849282241e-10
3.154858703303524345e-10
3.154858673664059980e-10
3.154858650867566657e-10
3.154858630396306987e-10
3.154858610088404631e-10
3.154858588971371778e-10
3.154858566746076136e-10
3.154858543374013482e-10
3.154858519101564214e-10
3.154858494317636087e-10
3.154858469644032656e-10
3.154858445762039521e-10
3.154858423392200788e-10
3.154858403242176709e-10
3.154858385897893950e-10
3.154858371871506557e-10
3.154858361408016122e-10
3.154858354611077165e-10
3.154858351434567645e-10
3.154858351781668140e-10
3.154858355577461418e-10
3.154858362812829881e-10
3.154858373440501192e-10
3.154858387247762237e-10
