5.055953679036303579e-05
8.974844321655038376e-05
1.438524441189834556e-04
2.082001689162384377e-04
2.721012547939380801e-04
3.211313790917905099e-04
3.422627976671150556e-04
3.294490871808308558e-04
2.864180345746194611e-04
2.249222820520507544e-04
1.595607775879989514e-04
1.022651530544536435e-04
5.922271329726461387e-05
3.099305426193410431e-05
1.465946106093700117e-05
6.267857024655622680e-06
2.422992702252618604e-06
8.471113075039517244e-07
2.680031396492571290e-07
7.686440364091188545e-08
2.012377725328698220e-08
4.957116509954135218e-09
1.303261026628632621e-09
5.092337349700281443e-10
3.534737173066191176e-10
3.258746679948186066e-10
3.214548349245914154e-10
3.208147645289579993e-10
3.207308995596623075e-10
3.207209528324555292e-10
3.207198839992249474e-10
3.207197791600969433e-10
3.207197687879386218e-10
3.207197665639604576e-10
3.207197647402215426e-10
3.207197626468825975e-10
3.207197601722393944e-10
3.207197572474796055e-10
3.207197538350763211e-10
3.207197499808299112e-10
3.207197458113860705e-10
3.207197415142248711e-10
3.207197372859504459e-10
3.207197332955728031e-10
3.207197296534082128e-10
3.207197264329486739e-10
3.207197236823541928e-10
3.207197214231675511e-10
3.207197196726773406e-10
3.207197184432780355e-10
3.207197177441710897e-10
3.207197175955292151e-10
3.207197180269799018e-10
3.207197190577916500e-10
3.207197206818934192e-10
3.207197228496483757e-10
3.207197254484341213e-10
3.207197283478221095e-10
3.207197314199551364e-10
3.207197345778023761e-10
3.207197377635359939e-10
3.207197409314905018e-10
3.207197440183160659e-10
3.207197469340441282e-10
3.207197495951590703e-10
3.207197519362005069e-10
3.207197539640966960e-10
3.207197557109230651e-10
3.207197572034047341e-10
3.207197584212426909e-10
3.207197592858848141e-10
3.207197597168753299e-10
3.207197596705374991e-10
3.207197591788506414e-10
3.207197583237100316e-10
3.207197571912950168e-10
3.207197558524003148e-10
3.207197543297050467e-10
3.207197526213532777e-10
3.207197507111236858e-10
3.207197485961058361e-10
3.207197462809121393e-10
3.207197437887980545e-10
3.207197411579687278e-10
3.207197384474423069e-10
3.207197357274357758e-10
3.207197330856568526e-10
3.207197306104721564e-10
3.207197283879561373e-10
3.207197265007865315e-10
3.207197250109714342e-10
3.207197239669391685e-10
3.207197233798409045e-10
3.207197232405720203e-10
3.207197235183674459e-10
3.207197241778680017e-10
3.207197251894738568e-10
3.207197265345743779e-10
3.207197281988753155e-10
3.207197301521955372e-10
