3.702984259548360030e-05
6.842020553574994473e-05
1.122237905700622948e-04
1.650461520899143574e-04
2.188145551333325141e-04
2.624912362940222768e-04
2.859550898933785031e-04
2.842210063339156256e-04
2.595280786731513534e-04
2.199985524777740365e-04
1.757742617536563082e-04
1.350229360791098648e-04
1.018817613352004454e-04
7.678606496260150741e-05
5.815904952569733510e-05
4.408049593555839906e-05
3.315828577283880008e-05
2.462114402973809095e-05
1.805165704485166275e-05
1.313104498482156590e-05
9.534595865051889114e-06
6.941233150265438000e-06
5.074314320805486955e-06
3.723579972810338632e-06
2.741220016889526774e-06
2.025422201550000599e-06
1.504288128077101033e-06
1.125216131548850252e-06
8.491146757714785903e-07
6.471584898982163995e-07
4.984726645403419228e-07
3.881618157511115705e-07
3.056524897157241693e-07
2.434141080278791429e-07
1.960459313268051057e-07
1.596506460852776271e-07
1.314043888427321982e-07
1.092548751232795089e-07
9.170508242504747835e-08
7.765724451485781022e-08
6.630084961405607263e-08
5.703277339904569410e-08
4.940048997243085402e-08
4.306159418549606136e-08
3.775478173644002690e-08
3.327890430515059296e-08
2.947775939626401930e-08
2.622898230219949191e-08
2.343588718161720724e-08
2.102143618035847080e-08
1.892375010612919922e-08
1.709274139976764485e-08
1.548756921005414652e-08
1.407470083046188481e-08
1.282642360245633388e-08
1.171969393784570018e-08
1.073524054513899332e-08
9.856860852521188274e-09
9.070865439032835696e-09
8.365636576890302725e-09
7.731274529910794399e-09
7.159308945865657660e-09
6.642451323393575090e-09
6.174355924543597421e-09
5.749339304558596186e-09
5.361988527906399538e-09
5.006588782216234120e-09
4.676370254831241560e-09
4.362760398810631388e-09
4.055107506626639115e-09
3.741533415947543266e-09
3.411364509439910760e-09
3.058788920741762312e-09
2.686281542471283751e-09
2.305748011776776357e-09
1.936049503756934396e-09
1.597476984228200638e-09
1.305624581614758937e-09
1.067526222488039805e-09
8.815064378369116878e-10
7.400404361106075711e-10
6.335703550327490570e-10
5.533863959715853137e-10
4.928312614563974363e-10
4.471919646828449420e-10
4.130709649433216454e-10
3.878342640043431369e-10
3.693331618949994594e-10
3.558244522872200404e-10
3.459514893524015381e-10
3.387064283276032195e-10
3.333634814431982146e-10
3.294046598238003413e-10
3.264575371511904142e-10
3.242513158953996013e-10
3.225880238714573389e-10
3.213232080871934950e-10
3.203519967652907259e-10
3.195985000274325146e-10
3.190077447716834709e-10
