7.158470497450672104e-07
7.375396241241952377e-06
5.501526443114951082e-05
2.961587298162427916e-04
1.150307043846660179e-03
3.223843141394380253e-03
6.520063629994246428e-03
9.517249390211555971e-03
1.002863167798481205e-02
7.631122648900579702e-03
4.196432670149532161e-03
1.671886787469505000e-03
4.881887908239026966e-04
1.116278808010607974e-04
2.833321370231139217e-05
1.548411829402259057e-05
1.420260270958942287e-05
1.420958815814037443e-05
1.428945311555763102e-05
1.435197774052596015e-05
1.439906847760163800e-05
1.443536053871728243e-05
1.446395283600745255e-05
1.448689988569923296e-05
1.450560818139082906e-05
1.452106869747550739e-05
1.453399645913950046e-05
1.454492169017864346e-05
1.455423276470250644e-05
1.456222519003132095e-05
1.456931132088221275e-05
1.457493451198486165e-05
1.458019402169348280e-05
1.458863882618486112e-05
1.458421287981421961e-05
1.458244862872248621e-05
1.463518537348631916e-05
1.460567279933435682e-05
1.446026806057686081e-05
1.463869452349171095e-05
1.499127338958008445e-05
1.455012033631659456e-05
1.373942170454729093e-05
1.437182146147805185e-05
1.611399635472317589e-05
1.606365943095263471e-05
1.332499896149107439e-05
1.119460495352293951e-05
1.311698468419899247e-05
1.787474982930428087e-05
2.032669065543772567e-05
1.723948012961310202e-05
1.095277718157644203e-05
6.525089616332063202e-06
7.423855817457171110e-06
1.402943241350323883e-05
2.285762766598942278e-05
2.742951144196120454e-05
2.381160163696441944e-05
1.493014467536222174e-05
6.775592960042728427e-06
2.335145675798111795e-06
1.248229236029165180e-06
3.182557380150571763e-06
9.545745835006672365e-06
2.121859924945908142e-05
3.407896892137877320e-05
3.950960551900171069e-05
3.306841236349693485e-05
1.998516246894153166e-05
8.724045049404834391e-06
2.752538671304029453e-06
6.294244499003705320e-07
1.064268964852571392e-07
1.853104470805008366e-08
3.817509355970846194e-08
2.674443561245040926e-07
1.484200659222870751e-06
5.991735482844138126e-06
1.747463043352762626e-05
3.678525941075805967e-05
5.588879585300285472e-05
6.129247062316718186e-05
4.852798846471591975e-05
2.774412827133750515e-05
1.145698433271971720e-05
3.419420468487513578e-06
7.393959861485052188e-07
1.177966734925817246e-07
1.601577582346739252e-08
4.149569158820578331e-09
3.159257256414106182e-09
3.099883151979180599e-09
3.097319636164163178e-09
3.097240771175948357e-09
3.097285183931832019e-09
3.098950128760660409e-09
3.141972125487661345e-09
3.940267610620723760e-09
1.455838116986460870e-08
