0.000000000000000000e+00
3.231021035584580314e-02
6.462042071169160629e-02
9.693063106753739555e-02
1.292408414233832126e-01
1.615510517792290157e-01
1.938612621350747911e-01
2.261714724909205942e-01
2.584816828467664251e-01
2.907918932026122283e-01
3.231021035584580314e-01
3.554123139143038346e-01
3.877225242701495822e-01
4.200327346259954409e-01
4.523429449818411885e-01
4.846531553376870471e-01
5.169633656935328503e-01
5.492735760493785424e-01
5.815837864052244566e-01
6.138939967610701487e-01
6.462042071169160629e-01
6.785144174727617550e-01
7.108246278286076691e-01
7.431348381844533613e-01
7.754450485402991644e-01
8.077552588961448565e-01
8.400654692519908817e-01
8.723756796078365738e-01
9.046858899636823770e-01
9.369961003195280691e-01
9.693063106753740943e-01
1.001616521031219786e+00
1.033926731387065701e+00
1.066236941742911393e+00
1.098547152098757085e+00
1.130857362454603221e+00
1.163167572810448913e+00
1.195477783166294605e+00
1.227787993522140297e+00
1.260098203877986434e+00
1.292408414233832126e+00
1.324718624589677818e+00
1.357028834945523510e+00
1.389339045301369202e+00
1.421649255657215338e+00
1.453959466013061030e+00
1.486269676368906723e+00
1.518579886724752415e+00
1.550890097080598329e+00
1.583200307436444243e+00
1.615510517792289713e+00
1.647820728148135849e+00
1.680130938503981763e+00
1.712441148859827678e+00
1.744751359215673148e+00
1.777061569571518840e+00
1.809371779927364754e+00
1.841681990283210224e+00
1.873992200639056138e+00
1.906302410994902052e+00
1.938612621350748189e+00
1.970922831706593659e+00
2.003233042062439573e+00
2.035543252418285487e+00
2.067853462774131401e+00
2.100163673129976871e+00
2.132473883485822785e+00
2.164784093841668255e+00
2.197094304197514170e+00
2.229404514553360084e+00
2.261714724909206442e+00
2.294024935265051912e+00
2.326335145620897826e+00
2.358645355976743296e+00
2.390955566332589211e+00
2.423265776688434681e+00
2.455575987044280595e+00
2.487886197400126065e+00
2.520196407755972867e+00
2.552506618111818337e+00
2.584816828467664251e+00
2.617127038823509722e+00
2.649437249179355636e+00
2.681747459535201106e+00
2.714057669891047020e+00
2.746367880246892934e+00
2.778678090602738404e+00
2.810988300958584762e+00
2.843298511314430677e+00
2.875608721670276147e+00
2.907918932026122061e+00
2.940229142381967975e+00
2.972539352737813445e+00
3.004849563093659359e+00
3.037159773449504829e+00
3.069469983805350743e+00
3.101780194161196658e+00
3.134090404517043016e+00
3.166400614872888486e+00
3.198710825228734400e+00
