3.584313810388903792e-05
6.682816397412748007e-05
1.100233586368044446e-04
1.619385583291752450e-04
2.144936781027788244e-04
2.568177343379899431e-04
2.791674554628500852e-04
2.770778809423936079e-04
2.532571720932965407e-04
2.159884325905711588e-04
1.750847846222575936e-04
1.379334439364970151e-04
1.077291309635139302e-04
8.420854200180120550e-05
6.562790306650920029e-05
5.043471437498088105e-05
3.788070969608042337e-05
2.778016169531250611e-05
2.003175343497936201e-05
1.435196770022190581e-05
1.029437989674698479e-05
7.398244624851311989e-06
5.303362894980928725e-06
3.774301998493659547e-06
2.664811465600118890e-06
1.873699794548958715e-06
1.319714001735803239e-06
9.353250802611904361e-07
6.680265855389889618e-07
4.805632533810079179e-07
3.481331723407948653e-07
2.543614944453060545e-07
1.879980843998669173e-07
1.409707011040836198e-07
1.074324662285895773e-07
8.324202056924551927e-08
6.555224870406423132e-08
5.243621460814640496e-08
4.258193286952999863e-08
3.507896962717248894e-08
2.928486085878209384e-08
2.474322719256743634e-08
2.112990209738559460e-08
1.821434061414752435e-08
1.583130945708201748e-08
1.386075273483448118e-08
1.221405978979012980e-08
1.082488248731665761e-08
9.642921510429024190e-09
8.629597973350605824e-09
7.754966318606926412e-09
6.995493245216266458e-09
6.332459439176122585e-09
5.750807059432550843e-09
5.238300978239129156e-09
4.784909399781614793e-09
4.382339488276622949e-09
4.023684831435534022e-09
3.703155247372905803e-09
3.415868058036331288e-09
3.157685373035455822e-09
2.925084857475659148e-09
2.715051639920468562e-09
2.524975798898186332e-09
2.352533271752636310e-09
2.195521079896017748e-09
2.051620196430113941e-09
1.918089410234686855e-09
1.791468686503944068e-09
1.667479749482857267e-09
1.541382651732186640e-09
1.408957455708758125e-09
1.267956825388660173e-09
1.119436907185913669e-09
9.681507246405749641e-10
8.214922557426533404e-10
6.872587933175641317e-10
5.712495521394040425e-10
4.758525095803797328e-10
4.001540443381274372e-10
3.412044774258716003e-10
2.955434568248596724e-10
2.602182631760134293e-10
2.330667391658241873e-10
2.125145884216973067e-10
1.972750056156224451e-10
1.861875597801239346e-10
1.782150382205548094e-10
1.725008717126928874e-10
1.683990775425796992e-10
1.654524900434958812e-10
1.633423113305516587e-10
1.618397923819398070e-10
1.607749119381351841e-10
1.600204020353926477e-10
1.594832232794509055e-10
1.590976703246200886e-10
1.588184566283854990e-10
1.586144725459110594e-10
1.584640629740560109e-10
