4.380805470581503058e-05
7.852760311018955894e-05
1.269818882772326624e-04
1.856127516220334496e-04
2.455580678523321472e-04
2.943159572039965840e-04
3.199272279436113755e-04
3.158356037813466301e-04
2.837128486852278720e-04
2.325642718307643236e-04
1.747251314797900867e-04
1.211480354820401029e-04
7.838236048879792031e-05
4.815392331021177256e-05
2.883313208116959625e-05
1.741728153091389329e-05
1.100212193780107075e-05
7.441181252278777363e-06
5.400478816380925568e-06
4.147265304305201652e-06
3.310371774337727275e-06
2.707579859197511163e-06
2.246709004722431085e-06
1.876870404070025888e-06
1.566952341378560631e-06
1.297028237273824654e-06
1.055261811841341461e-06
8.365759418179574137e-07
6.411794121513048197e-07
4.722716556546557254e-07
3.332707520489590277e-07
2.254995632930921707e-07
1.471542339016428225e-07
9.372003538933579844e-08
5.930550284697508618e-08
3.809176396235617378e-08
2.530633310473695274e-08
1.755805935220500446e-08
1.269974021564783468e-08
9.487844725956699769e-09
7.243041187843101705e-09
5.601239842947139983e-09
4.362203070939876855e-09
3.408650157528111050e-09
2.666453938988711528e-09
2.085638286715896388e-09
1.630994927355931658e-09
1.276958577988428257e-09
1.004389196442824377e-09
7.983167167865524801e-10
6.463395369298726085e-10
5.376193215586570702e-10
4.624389269353807175e-10
4.121962529778191107e-10
3.796107873335861376e-10
3.589088180633005981e-10
3.458395019000516647e-10
3.374995992922910474e-10
3.320378868125738492e-10
3.283369893553115166e-10
3.257442549544102879e-10
3.238797118979104664e-10
3.225157878127847417e-10
3.215090167651450753e-10
3.207636294937755214e-10
3.202125236789243214e-10
3.198070329855350846e-10
3.195110457328392865e-10
3.192973462065097545e-10
3.191451896787805973e-10
3.190386368176325494e-10
3.189653964768593768e-10
3.189160201171959044e-10
3.188833316404349009e-10
3.188620000414470630e-10
3.188481872321468008e-10
3.188392329759731150e-10
3.188333666645298304e-10
3.188294535587814806e-10
3.188267871873052907e-10
3.188249337986110495e-10
3.188236256386761379e-10
3.188226934105163619e-10
3.188220261732221253e-10
3.188215484841651291e-10
3.188212074500878634e-10
3.188209652169706107e-10
3.188207943528307077e-10
3.188206748609001701e-10
3.188205921421842014e-10
3.188205355463962693e-10
3.188204973447413367e-10
3.188204719510933131e-10
3.188204553770999589e-10
3.188204448087734804e-10
3.188204382994845647e-10
3.188204345347962760e-10
3.188204326506184790e-10
3.188204320869263244e-10
3.188204324696045810e-10
