7.156157469790727036e-07
7.375029442598554541e-06
5.501376654594496108e-05
2.961498795158717533e-04
1.150261385765732587e-03
3.223657007893185236e-03
6.519472255195632102e-03
9.515781733892997654e-03
1.002576344510467711e-02
7.626664518788662216e-03
4.190897914254632789e-03
1.666535660529542759e-03
4.847977186587953697e-04
1.123059774172584474e-04
3.559440554950767745e-05
3.254585540777384431e-05
4.537996412682758225e-05
6.522366199671388455e-05
9.216015891534229615e-05
1.263568173245876156e-04
1.656964755451835610e-04
2.047802144824780845e-04
2.357491726434084894e-04
2.513066755311128960e-04
2.483319445279069692e-04
2.293645589179224640e-04
2.008307229352051756e-04
1.696390746064628194e-04
1.406569262985712292e-04
1.161225966286384454e-04
9.636692323642134610e-05
8.079475490087283660e-05
6.856134433133968256e-05
5.888737161471365854e-05
5.115106163090384311e-05
4.488464493954863780e-05
3.974337896935308646e-05
3.547373816000188386e-05
3.188803099153779028e-05
2.884581714163072640e-05
2.624072445279379475e-05
2.399117266083171889e-05
2.203382821603457983e-05
2.031894916641135585e-05
1.880703969788838340e-05
1.746641835019452200e-05
1.627142974214825985e-05
1.520111441377433519e-05
1.423820845833735827e-05
1.336838321858156910e-05
1.257966163960960061e-05
1.186196598464982118e-05
1.120676421425802656e-05
1.060679117742300434e-05
1.005582704340274753e-05
9.548519906253120692e-06
9.080242754670014691e-06
8.646977383062787355e-06
8.245219577546244379e-06
7.871901218268892241e-06
7.524325920478265409e-06
7.200115578413107572e-06
6.897165741055831258e-06
6.613608182143707520e-06
6.347779361637142007e-06
6.098193736215641513e-06
5.863521080077036037e-06
5.642567137684684358e-06
5.434257057095564986e-06
5.237621153486026253e-06
5.051782633237858351e-06
4.875946973919263061e-06
4.709392708009638794e-06
4.551463400806076964e-06
4.401560647648099212e-06
4.259137944020283912e-06
4.123695305423942765e-06
3.994774533177919385e-06
3.871955038368544992e-06
3.754850149534659208e-06
3.643103840679363051e-06
3.536387825343334133e-06
3.434398970279523379e-06
3.336856988930512295e-06
3.243502380440097254e-06
3.154094584486714291e-06
3.068410326177337891e-06
2.986242128772629389e-06
2.907396975021679001e-06
2.831695100312294633e-06
2.758968902862301380e-06
2.689061958007215108e-06
2.621828125311447126e-06
2.557130738624457629e-06
2.494841870320003408e-06
2.434841661956135238e-06
2.377017714517281279e-06
2.321264532179946006e-06
2.267483014228325249e-06
2.215579990433511099e-06
