4.064993178741977472e-05
7.360344776883436001e-05
1.196513818826342492e-04
1.754455881427829955e-04
2.326521451337691465e-04
2.795524049732703818e-04
3.049871273839265397e-04
3.028768131696903208e-04
2.747774014449531010e-04
2.289561053194679580e-04
1.766400918923253084e-04
1.277111253184711739e-04
8.803467058733707446e-05
5.917561375560668964e-05
3.977499473340483408e-05
2.731718931189442765e-05
1.939213557166084132e-05
1.422909218413858844e-05
1.071805754442591450e-05
8.224162918734499031e-06
6.393532785153769185e-06
5.021115906091940322e-06
3.978441673691589453e-06
3.178688120056793400e-06
2.560229784390074455e-06
2.078232703475739026e-06
1.699691565463618197e-06
1.400122882215437687e-06
1.161218932803830305e-06
9.691387388424313178e-07
8.132489076639235472e-07
6.852036736962102648e-07
5.783139005743677020e-07
4.871921508399571259e-07
4.076518341917108825e-07
3.367752485353113721e-07
2.729848221686596868e-07
2.159291405996287110e-07
1.660864474332237914e-07
1.241638738601507498e-07
9.051652131735500076e-08
6.481709637937551696e-08
4.606839452736089235e-08
3.287243328822405063e-08
2.377299139408917357e-08
1.751355104369217924e-08
1.314864665425762419e-08
1.003403746146905630e-08
7.756992449267064692e-09
6.058560591002145603e-09
4.773372117701935883e-09
3.791274970022664223e-09
3.035475189820255952e-09
2.450548149434834441e-09
1.995632378426467057e-09
1.640235760243443232e-09
1.361429883262494640e-09
1.141870863618192444e-09
9.683673436162324024e-10
8.308335488545784061e-10
7.215202949549026065e-10
6.344485454043012205e-10
5.649910111911821457e-10
5.095613202358955048e-10
4.653795064441228470e-10
4.302891510230072555e-10
4.026079251231349628e-10
3.810011740930660344e-10
3.643768525246277277e-10
3.518063589923427596e-10
3.424761752387840999e-10
3.356693218534045692e-10
3.307674683527957859e-10
3.272597869401852540e-10
3.247464048393143779e-10
3.229309548215946728e-10
3.216037635580901649e-10
3.206210178906571983e-10
3.198851551367799442e-10
3.193294284474748586e-10
3.189071874769119114e-10
3.185850058922196663e-10
3.183384203342350462e-10
3.181492582600177174e-10
3.180038903244502187e-10
3.178920302038575465e-10
3.178058787771342445e-10
3.177394999185866886e-10
3.176883597811379882e-10
3.176489844435272826e-10
3.176187042607810045e-10
3.175954621374980955e-10
3.175776690493343139e-10
3.175640947079850088e-10
3.175537843862492646e-10
3.175459953995080731e-10
3.175401484750255058e-10
3.175357905865301290e-10
3.175325667496097691e-10
3.175301988602504265e-10
