7.156209264966166568e-07
7.375024743386940089e-06
5.501367276131845940e-05
2.961491360251546816e-04
1.150256876298574394e-03
3.223635295926246050e-03
6.519388479319605800e-03
9.515518871841138066e-03
1.002507809957251840e-02
7.625139096191305317e-03
4.187911610884002128e-03
1.661238730995874069e-03
4.760550673465499083e-04
9.858126914989297587e-05
1.475878255441175211e-05
1.616316906378633055e-06
3.286418627845709259e-07
1.759414012045368195e-06
1.100104098804186569e-05
4.988345624641593563e-05
1.632331228906061256e-04
3.854427143338759595e-04
6.568278595446662557e-04
8.078704696067875134e-04
7.172990225730225709e-04
4.598408724410147654e-04
2.128900124121185637e-04
7.119504762515193534e-05
1.720425573910493153e-05
3.006620699072418306e-06
3.820761536517146260e-07
3.750281621242259780e-08
5.172008107571784705e-09
2.995115995360452573e-09
2.889636016914906670e-09
2.885950336240221557e-09
2.885856705282575138e-09
2.885854093820482694e-09
2.885853259830162824e-09
2.885852894406423143e-09
2.885853119646019802e-09
2.885853826618622779e-09
2.885854719666624967e-09
2.885855437805544175e-09
2.885855682527844501e-09
2.885855338984337313e-09
2.885854531374244404e-09
2.885853558189204915e-09
2.885852749577682488e-09
2.885852344790371670e-09
2.885852434967800865e-09
2.885852951836635463e-09
2.885853691285806369e-09
2.885854387246030188e-09
2.885854815761476376e-09
2.885854867849144600e-09
2.885854573626166044e-09
2.885854095160418093e-09
2.885853676826512245e-09
2.885853548466030996e-09
2.885853812177795876e-09
2.885854379841034898e-09
2.885855012791446813e-09
2.885855433032547018e-09
2.885855443928546827e-09
2.885855016805199288e-09
2.885854296813568389e-09
2.885853520101696358e-09
2.885852915889531601e-09
2.885852646101988636e-09
2.885852770210649040e-09
2.885853224608622090e-09
2.885853836003698204e-09
2.885854378508708734e-09
2.885854656429660995e-09
2.885854593797094322e-09
2.885854281139158353e-09
2.885853921243127976e-09
2.885853702836747521e-09
2.885853716942496380e-09
2.885853964534208496e-09
2.885854380647222494e-09
2.885854824594547708e-09
2.885855098638276550e-09
2.885855052834421092e-09
2.885854693267997374e-09
2.885854172143332172e-09
2.885853675743868067e-09
2.885853332629667204e-09
2.885853204667393597e-09
2.885853308199717474e-09
2.885853604759120196e-09
2.885853985256769048e-09
2.885854299060635956e-09
2.885854418349843085e-09
2.885854298187376007e-09
2.885854009645213336e-09
2.885853717049949209e-09
2.885853579458849490e-09
2.885853651509733495e-09
