7.154088507210540372e-07
7.374812667681216500e-06
5.501346068560635850e-05
2.961489239493516907e-04
1.150256664222619289e-03
3.223635083850125930e-03
6.519388267243366418e-03
9.515518659764871795e-03
1.002507788749633540e-02
7.625138884115285377e-03
4.187911398807703765e-03
1.661238518890390285e-03
4.760548539412605374e-04
9.858101430047650350e-05
1.475757776707809505e-05
1.599483568886981985e-06
1.276638554141571576e-07
9.752528577496283425e-09
2.963949495018177098e-09
2.682387163417986436e-09
2.673960237735880903e-09
2.673780066007516765e-09
2.673779715490865433e-09
2.673781636943457322e-09
2.673782401054506579e-09
2.673781798650970577e-09
2.673780127658723390e-09
2.673778024505719916e-09
2.673776221462929669e-09
2.673775282295674674e-09
2.673775418704849517e-09
2.673776450688454100e-09
2.673777913973383414e-09
2.673779252974742915e-09
2.673780010607517928e-09
2.673779969648190899e-09
2.673779219725549831e-09
2.673778111429642621e-09
2.673777116036606939e-09
2.673776641200534960e-09
2.673776863497252955e-09
2.673777667775301057e-09
2.673778718644233946e-09
2.673779597946425406e-09
2.673779953735869656e-09
2.673779639939861791e-09
2.673778780684320511e-09
2.673777702256293459e-09
2.673776777443385702e-09
2.673776287139370449e-09
2.673776349843889841e-09
2.673776901875905514e-09
2.673777720127978098e-09
2.673778503987227875e-09
2.673778992894961841e-09
2.673779053865902575e-09
2.673778715300633012e-09
2.673778158769730053e-09
2.673777660146013263e-09
2.673777481171714353e-09
2.673777744458584263e-09
2.673778362220902581e-09
2.673779076221706018e-09
2.673779579019743861e-09
2.673779647204958092e-09
2.673779236206524657e-09
2.673778489338789805e-09
2.673777654950279664e-09
2.673776984285540070e-09
2.673776662560652827e-09
2.673776765189173525e-09
2.673777232495089102e-09
2.673777882256319490e-09
2.673778469381383727e-09
2.673778775640046577e-09
2.673778708981181581e-09
2.673778358775060469e-09
2.673777942813493315e-09
2.673777673719669921e-09
2.673777664622526141e-09
2.673777927351021841e-09
2.673778392197093768e-09
2.673778901666725823e-09
2.673779237316518735e-09
2.673779231529031293e-09
2.673778879890551410e-09
2.673778334160040658e-09
2.673777790831116051e-09
2.673777396315358127e-09
2.673777231784976053e-09
2.673777326541961669e-09
2.673777641938428362e-09
2.673778055340733028e-09
2.673778397704363439e-09
2.673778528060604031e-09
2.673778397001340568e-09
2.673778078093600536e-09
2.673777744773615999e-09
2.673777571837928294e-09
2.673777630523855791e-09
