5.853142339238383951e-07
6.030799585374638869e-06
4.500367674863085815e-05
2.424801606993226056e-04
9.434405177246969147e-04
2.652675309248381415e-03
5.397725851592866456e-03
7.970900107449122030e-03
8.591087473939669483e-03
6.843203316545593516e-03
4.148899335653617911e-03
2.055170394334419545e-03
9.635967571624249293e-04
5.132584949402668826e-04
3.262389192279619939e-04
2.283165713011416488e-04
1.654132861178227360e-04
1.216374654119427100e-04
9.031570139205599896e-05
6.752787140986712218e-05
5.071842247318976432e-05
3.817461438993123476e-05
2.872641222445556844e-05
2.155926575745538754e-05
1.609578442919552683e-05
1.191985047933940826e-05
8.727011271731926632e-06
6.291484802345270490e-06
4.443753176355366000e-06
3.055144890840712576e-06
2.027002365184480635e-06
1.283011044016946880e-06
7.636497893921661575e-07
4.221654961448203941e-07
2.215864360878211467e-07
1.325120816148468615e-07
1.314363910963082570e-07
1.994865097092123592e-07
3.214462111223113224e-07
4.850119185035818884e-07
6.802051960899340059e-07
8.989212790181287146e-07
1.134565308947214976e-06
1.381771498263534183e-06
1.636172185825272358e-06
1.894219099406478556e-06
2.153033770163560653e-06
2.410290992684416138e-06
2.664120785210161525e-06
2.913030063139797067e-06
3.155838496343630061e-06
3.391623625197918883e-06
3.619679852664257230e-06
3.839477857180316243e-06
4.050639790745485918e-06
4.252907505662034161e-06
4.446129070473481548e-06
4.630232847241929955e-06
4.805221468608494615e-06
4.971150554408817844e-06
5.128126844378486133e-06
5.276291471377115025e-06
5.415819380191267967e-06
5.546907629665404340e-06
5.669773774877660241e-06
5.784649698510541621e-06
5.891777387439937364e-06
5.991408389115380895e-06
6.083796349356347906e-06
6.169201508139938436e-06
6.247880362561952630e-06
6.320093860496223263e-06
6.386095437284746226e-06
6.446140949342943515e-06
6.500476929276831029e-06
6.549350003747314653e-06
6.592997389769694578e-06
6.631653666523934584e-06
6.665545250446315631e-06
6.694892944518683884e-06
6.719911436452846902e-06
6.740806933929857906e-06
6.757781773657699662e-06
6.771027489751829971e-06
6.780733609749195969e-06
6.787077478807098342e-06
6.790235472689847078e-06
6.790371603291854348e-06
6.787648886604915055e-06
6.782219034253281759e-06
6.774231687131421122e-06
6.763827290125794598e-06
6.751142349300084112e-06
6.736306937357991970e-06
6.719444961836000692e-06
6.700676795109508508e-06
6.680114576776804747e-06
6.657869407579176473e-06
6.634042732515933627e-06
6.608736606629534315e-06
