5.605285590423464770e-07
5.776446535342093960e-06
4.310168148299145687e-05
2.321598620717328307e-04
9.025920496355305158e-04
2.533459228318264526e-03
5.136493623446110497e-03
7.529495549417841715e-03
7.996964145774896129e-03
6.186788219497894176e-03
3.541864131603760478e-03
1.581016718153572826e-03
6.508611801140067998e-04
3.447326147143459324e-04
2.661245574024318438e-04
2.420354448268711750e-04
2.261159142274455779e-04
2.097460533035135880e-04
1.915486222425597678e-04
1.713617872213652176e-04
1.495279665950483797e-04
1.268182084083630543e-04
1.042950007646683343e-04
8.308118797062163854e-05
6.411462951118074858e-05
4.797942938537864857e-05
3.486132461502841742e-05
2.461337446167736388e-05
1.687847153716323155e-05
1.121278737194069665e-05
7.176586585289460774e-06
4.384505576034680934e-06
2.523317073858937190e-06
1.349942749487985577e-06
6.805328298414833577e-07
3.774603537160570928e-07
3.376236947768575196e-07
4.832284018204513491e-07
7.550606491305070889e-07
1.107790863775994202e-06
1.506743245381053412e-06
1.925635193825124767e-06
2.344918076982273740e-06
2.750479327532828024e-06
3.132569138581427074e-06
3.484885236749669153e-06
3.803789184266448667e-06
4.087645206714950360e-06
4.336276414790858235e-06
4.550530773890152453e-06
4.731945149842023326e-06
4.882492781607741286e-06
5.004398456413990115e-06
5.100006346667142868e-06
5.171687342924943887e-06
5.221775154997153444e-06
5.252522948223415024e-06
5.266074508352420478e-06
5.264445728365584306e-06
5.249513552344386995e-06
5.223010441876692527e-06
5.186523034048084934e-06
5.141494029339259639e-06
5.089226565331433012e-06
5.030890462216128822e-06
4.967529812726337124e-06
4.900071458577659858e-06
4.829333960946650823e-06
4.756036738242916280e-06
4.680809109805585979e-06
4.604199046662348459e-06
4.526681487430509234e-06
4.448666126713193708e-06
4.370504623852039185e-06
4.292497211574390966e-06
4.214898707602027553e-06
4.137923948733760779e-06
4.061752677616613709e-06
3.986533918743554613e-06
3.912389883256776187e-06
3.839419442756238684e-06
3.767701211369875777e-06
3.697296273576490286e-06
3.628250593049484811e-06
3.560597135235011975e-06
3.494357733658344757e-06
3.429544727354312702e-06
3.366162394458840093e-06
3.304208204755089389e-06
3.243673911746926233e-06
3.184546502720981403e-06
3.126809023381900562e-06
3.070441291990534975e-06
3.015420516373150893e-06
2.961721825670473830e-06
2.909318727355501100e-06
2.858183498877272524e-06
2.808287522209229969e-06
2.759601568612791053e-06
2.712096040127917937e-06
